440
254
114
152
161
276
472
228
292
322
397
53
427
111
201
326
380
72
207
14
451
385
41
241
244
75
145
251
116
252
447
419
405
133
108
401
137
264
114
430
209
85
242
421
467
236
378
296
181
453
92
309
366
224
444
402
368
472
281
130
175
43
252
337
13
40
378
219
143
64
364
26
324
339
267
120
334
4
357
81
148
453
119
175
393
57
158
298
454
480
198
293
99
115
432
221
455
403
305
233
103
226
338
408
378
336
464
183
245
366
155
36
308
23
318
410
108
153
132
402
241
317
379
231
23
376
40
382
292
239
269
44
326
154
383
294
172
410
256
358
301
423
29
349
300
34
328
263
475
166
252
196
105
131
184
238
165
400
448
377
477
197
4
243
306
8
104
93
162
95
290
310
344
324
456
476
351
50
321
361
309
30
432
334
42
363
358
332
474
243
241
146
121
469
343
213
187
477
247
337
260
35
2
349
415
17
380
211
328
159
288
138
98
380
413
416
198
4
432
113
65
179
340
308
445
435
451
174
91
446
437
188
140
64
191
417
250
26
65
93
89
449
300
82
85
200
78
95
340
197
77
42
23
56
169
22
3
302
63
259
192
412
271
351
470
247
302
79
292
107
209
45
64
7
84
351
455
154
104
127
27
178
49
296
368
292
351
475
332
217
169
51
58
47
390
54
39
275
165
177
219
125
265
138
283
233
64
115
367
32
412
0
354
14
46
35
250
279
337
68
308
325
150
128
105
9
74
454
100
9
82
460
5
159
355
192
206
325
318
462
396
236
37
240
352
262
335
250
293
425
143
152
331
108
267
233
154
54
127
463
102
386
419
358
32
65
332
138
214
49
480
368
378
124
279
479
252
409
27
334
280
80
241
354
30
241
63
308
56
164
217
53
178
129
244
20
258
305
241
363
139
172
144
225
168
359
457
183
306
5
99
174
327
120
285
136
149
384
304
80
369
124
205
3
375
63
334
325
395
315
433
76
261
304
80
324
194
11
185
477
465
321
434
160
391
332
154
247
28
473
306
38
82
91
161
273
60
154
298
274
136
210
304
244
478
140
434
173
314
20
144
475
42
208
451
16
295
340
319
402
382
338
126
139
333
171
380
477
254
66
273
178
211
99
461
25
87
277
144
115
18
185
295
478
405
392
116
385
345
225
474
276
199
152
448
31
17
424
305
181
162
309
29
349
275
347
202
336
158
235
59
459
0
405
316
59
13
108
289
337
94
278
404
131
185
261
184
17
82
33
165
12
324
210
355
122
78
67
75
320
241
418
467
173
7
438
234
448
95
25
88
166
13
313
70
111
132
112
244
350
202
426
240
114
119
323
145
334
23
417
194
236
292
30
454
9
459
58
85
12
436
262
237
62
375
432
471
188
267
115
56
287
182
451
338
468
290
288
396
188
342
45
211
57
146
410
100
115
78
436
184
263
307
6
118
357
33
372
82
237
308
34
109
275
251
256
443
267
266
125
466
274
159
224
30
398
260
273
209
241
74
348
21
245
295
169
121
75
54
13
318
422
480
165
27
69
470
132
461
250
404
181
83
376
30
461
88
347
433
267
357
369
402
228
356
244
21
415
272
71
225
154
62
267
357
326
209
227
326
125
1
416
155
260
82
31
392
98
23
255
358
406
355
208
179
66
331
110
132
233
64
295
91
142
225
116
319
391
295
453
448
84
320
93
448
328
355
261
405
19
416
204
140
7
125
330
242
24
375
88
92
8
452
158
249
84
436
89
99
20
290
249
117
226
449
15
199
221
236
340
463
107
301
252
187
444
431
480
301
398
382
196
102
284
143
433
226
210
454
397
130
69
124
457
203
470
138
255
338
184
320
82
173
318
343
425
66
254
189
329
472
205
404
408
384
392
319
200
433
200
227
264
190
155
463
451
33
123
32
198
359
301
97
186
227
345
331
96
210
299
220
414
345
474
24
429
363
232
467
461
92
389
392
135
43
459
92
96
435
398
330
347
351
235
426
129
39
254
258
123
361
378
438
390
196
169
111
170
37
463
41
399
433
38
158
134
431
308
417
3
457
212
148
477
331
203
355
218
397
179
221
370
296
446
451
307
368
92
373
82
151
147
215
415
61
274
302
372
144
372
288
289
394
433
257
46
447
307
345
235
250
128
4
291
302
20
21
52
185
46
272
12
243
310
284
72
123
59
113
374
454
228
53
469
46
460
297
418
354
89
158
407
297
121
151
286
10
313
445
21
52
383
225
441
213
70
212
114
375
273
3
217
38
434
130
244
92
320
285
379
